Policy Iteration 
Pe =0, s_goal = [6,7,*]


val(:,:,1) =

 -187.4980 -187.1106 -187.3995 -187.0121 -187.3109 -186.9235 -187.2311 -187.5080
    2.8894    3.3199    2.9879    3.4184    3.0765    3.5070    3.1563    2.8407
    3.3199    3.7982    3.4184    3.8967    3.5070    3.9853    3.5868    3.2281
    3.7982    4.3296    3.8967    4.4281    3.9853   -5.4833  -12.5963  -13.2367
    4.3296    4.9201    5.5762    6.3052    7.1152    6.4037    7.2137    6.4923
    4.9201    5.5762    6.3052    7.1152    8.0152    9.0152    9.0152    9.1137
    4.4281    4.9201    5.6747    6.3052    7.2137    6.4923    7.2137    6.5721
 -186.0147 -185.4833 -184.8928 -184.2367 -183.5077 -184.2367 -183.5077 -183.5077


val(:,:,2) =

  -97.4980  -97.1106  -96.6801  -97.0121  -96.5816  -96.9235  -97.2311  -97.5080
    2.8894    3.3199    3.7982    3.4184    3.8967    3.5070    3.1563    2.8407
    3.3199    3.7982    4.3296    3.8967    4.4281    3.9853    3.5868    3.2281
    3.7982    4.3296    4.9201    4.4281    5.0186   -2.8848   -3.5963   -2.7863
    4.3296    4.9201    5.5762    6.3052    7.1152    8.0152    7.2137    8.1137
    4.9201    5.5762    6.3052    7.1152    8.0152    9.0152    9.0152    9.1137
    4.4281    4.9201    5.6747    6.3052    7.2137    8.0152    7.3023    8.2023
  -96.1033  -95.5719  -94.9814  -94.3253  -93.5963  -92.7863  -93.4279  -92.6179


val(:,:,3) =

  -97.4980    2.8894    3.3199    3.7982    3.4184    3.0765    2.7689  -97.5798
  -97.1106    3.3199    3.7982    4.3296    3.7982    3.4184    3.0765  -97.2311
  -96.6801    3.7982    4.3296    4.9201    3.5070    3.1563    2.8407  -97.4434
  -96.2018    4.3296    4.9201    5.5762    6.3052    7.1152    8.0152  -92.8848
  -95.6704    4.9201    5.5762    6.3052    7.1152    8.0152    9.0152  -91.9848
  -96.1033    4.4281    5.0186    5.6747    6.4037    7.2137    9.0152  -92.6977
  -95.5719    5.0186    5.6747    6.4037    7.2137    8.1137    9.1137  -91.7977
  -96.0147    4.5167    5.1072    5.7633    6.4923    7.3023    8.2023  -92.6179


val(:,:,4) =

 -187.4980    2.8894    3.3199    3.7982    3.4184    3.0765    2.7689 -187.5080
 -187.1106    3.3199    3.7982    4.3296    2.9879    2.6891    2.4202 -187.8218
 -186.6801    3.7982    4.3296    4.9201    3.4184    3.0765    2.7689 -183.5963
 -186.2018    4.3296    4.9201    5.5762    6.3052    7.1152    8.0152 -182.7863
 -186.5816    3.8967    4.4281    5.0186    5.5762    6.3052    9.0152 -183.5963
 -186.1033    4.4281    5.0186    5.6747    6.4037    7.2137    9.0152 -182.7863
 -186.4930    3.9853    4.5167    5.1072    5.7633    6.4923    9.1137 -183.4279
 -186.0147    4.5167    5.1072    5.7633    6.4923    7.3023    8.2023 -182.6179


val(:,:,5) =

  -97.4980    2.8894    3.3199    3.7982    3.4184    3.0765    2.7689  -97.5798
  -97.1106    3.3199    3.7982    4.3296    3.7982    3.4184    3.0765  -97.2311
  -96.6801    3.7982    4.3296    4.9201    3.5070    3.1563    2.8407  -97.4434
  -96.2018    4.3296    4.9201    5.5762    6.3052    7.1152    8.0152  -92.8848
  -95.6704    4.9201    5.5762    6.3052    7.1152    8.0152    9.0152  -91.9848
  -96.1033    4.4281    5.0186    5.6747    6.4037    7.2137    9.0152  -92.6977
  -95.5719    5.0186    5.6747    6.4037    7.2137    8.1137    9.1137  -91.7977
  -96.0147    4.5167    5.1072    5.7633    6.4923    7.3023    8.2023  -92.6179


val(:,:,6) =

  -97.4980  -97.1106  -96.6801  -97.0121  -96.5816  -96.9235  -97.2311  -97.5080
    2.8894    3.3199    3.7982    3.4184    3.8967    3.5070    3.1563    2.8407
    3.3199    3.7982    4.3296    3.8967    4.4281    3.9853    3.5868    3.2281
    3.7982    4.3296    4.9201    4.4281    5.0186   -2.8848   -3.5963   -2.7863
    4.3296    4.9201    5.5762    6.3052    7.1152    8.0152    7.2137    8.1137
    4.9201    5.5762    6.3052    7.1152    8.0152    9.0152    9.0152    9.1137
    4.4281    4.9201    5.6747    6.3052    7.2137    8.0152    7.3023    8.2023
  -96.1033  -95.5719  -94.9814  -94.3253  -93.5963  -92.7863  -93.4279  -92.6179


val(:,:,7) =

 -187.4980 -187.1106 -187.3995 -187.0121 -187.3109 -186.9235 -187.2311 -187.5080
    2.8894    3.3199    2.9879    3.4184    3.0765    3.5070    3.1563    2.8407
    3.3199    3.7982    3.4184    3.8967    3.5070    3.9853    3.5868    3.2281
    3.7982    4.3296    3.8967    4.4281    3.9853   -5.4833  -12.5963  -13.2367
    4.3296    4.9201    5.5762    6.3052    7.1152    6.4037    7.2137    6.4923
    4.9201    5.5762    6.3052    7.1152    8.0152    9.0152    9.0152    9.1137
    4.4281    4.9201    5.6747    6.3052    7.2137    6.4923    7.2137    6.5721
 -186.0147 -185.4833 -184.8928 -184.2367 -183.5077 -184.2367 -183.5077 -183.3561


val(:,:,8) =

  -97.4980  -97.1106  -96.6801  -97.0121  -96.5816  -96.9235  -97.2311  -97.5080
    2.8894    3.3199    3.7982    3.4184    3.8967    3.5070    3.1563    2.8407
    3.3199    3.7982    4.3296    3.8967    4.4281    3.9853    3.5868    3.2281
    3.7982    4.3296    4.9201    4.4281    5.0186   -2.8848   -3.5963   -2.7863
    4.3296    4.9201    5.5762    6.3052    7.1152    8.0152    7.2137    8.1137
    4.9201    5.5762    6.3052    7.1152    8.0152    9.0152    9.0152    9.1137
    4.4281    4.9201    5.6747    6.3052    7.2137    8.0152    7.3023    8.2023
  -96.1033  -95.5719  -94.9814  -94.3253  -93.5963  -92.7863  -93.4279  -92.6179


val(:,:,9) =

  -97.4980    2.8894    3.3199    3.7982    3.4184    3.0765    2.7689  -97.5798
  -97.1106    3.3199    3.7982    4.3296    3.7982    3.4184    3.0765  -97.2311
  -96.6801    3.7982    4.3296    4.9201    3.5070    3.1563    2.8407  -97.4434
  -96.2018    4.3296    4.9201    5.5762    6.3052    7.1152    8.0152  -92.8848
  -95.6704    4.9201    5.5762    6.3052    7.1152    8.0152    9.0152  -91.9848
  -96.1033    4.4281    5.0186    5.6747    6.4037    7.2137    9.0152  -92.6977
  -95.5719    5.0186    5.6747    6.4037    7.2137    8.1137    9.1137  -91.7977
  -96.0147    4.5167    5.1072    5.7633    6.4923    7.3023    8.2023  -92.6179


val(:,:,10) =

 -187.4980    2.8894    3.3199    3.7982    3.4184    3.0765    2.7689 -187.5080
 -187.1106    3.3199    3.7982    4.3296    2.9879    2.6891    2.4202 -187.8218
 -186.6801    3.7982    4.3296    4.9201    3.4184    3.0765    2.7689 -183.5963
 -186.2018    4.3296    4.9201    5.5762    6.3052    7.1152    8.0152 -182.7863
 -186.5816    3.8967    4.4281    5.0186    5.5762    6.3052    9.0152 -183.5963
 -186.1033    4.4281    5.0186    5.6747    6.4037    7.2137    9.0152 -182.7863
 -186.4930    3.9853    4.5167    5.1072    5.7633    6.4923    9.1137 -183.4279
 -186.0147    4.5167    5.1072    5.7633    6.4923    7.3023    8.2023 -182.6179


val(:,:,11) =

  -97.4980    2.8894    3.3199    3.7982    3.4184    3.0765    2.7689  -97.5798
  -97.1106    3.3199    3.7982    4.3296    3.7982    3.4184    3.0765  -97.2311
  -96.6801    3.7982    4.3296    4.9201    3.5070    3.1563    2.8407  -97.4434
  -96.2018    4.3296    4.9201    5.5762    6.3052    7.1152    8.0152  -92.8848
  -95.6704    4.9201    5.5762    6.3052    7.1152    8.0152    9.0152  -91.9848
  -96.1033    4.4281    5.0186    5.6747    6.4037    7.2137    9.0152  -92.6977
  -95.5719    5.0186    5.6747    6.4037    7.2137    8.1137    9.1137  -91.7977
  -96.0147    4.5167    5.1072    5.7633    6.4923    7.3023    8.2023  -92.6179


val(:,:,12) =

  -97.4980  -97.1106  -96.6801  -97.0121  -96.5816  -96.9235  -97.2311  -97.5080
    2.8894    3.3199    3.7982    3.4184    3.8967    3.5070    3.1563    2.8407
    3.3199    3.7982    4.3296    3.8967    4.4281    3.9853    3.5868    3.2281
    3.7982    4.3296    4.9201    4.4281    5.0186   -2.8848   -3.5963   -2.7863
    4.3296    4.9201    5.5762    6.3052    7.1152    8.0152    7.2137    8.1137
    4.9201    5.5762    6.3052    7.1152    8.0152    9.0152    9.0152    9.1137
    4.4281    4.9201    5.6747    6.3052    7.2137    8.0152    7.3023    8.2023
  -96.1033  -95.5719  -94.9814  -94.3253  -93.5963  -92.7863  -93.4279  -92.6179


Value Iteration
Pe=0, s_goal = [6,7,*]


val(:,:,1) =

 -186.6005 -186.2131 -186.6005 -186.2131 -186.6005 -186.2131 -186.6005 -186.9492
    3.7869    4.2174    3.7869    4.2174    3.7869    4.2174    3.7869    3.3995
    4.2174    4.6957    4.2174    4.6957    4.2174    4.6957    4.2174    3.7869
    4.6957    5.2271    4.6957    5.2271    4.6957   -4.7729  -11.7973  -12.5263
    5.2271    5.8176    6.4737    7.2027    8.0127    7.2027    8.0127    7.2027
    5.8176    6.4737    7.2027    8.0127    8.9127    9.9127    9.9127    9.9127
    5.2271    5.8176    6.4737    7.2027    8.0127    7.2027    8.0127    7.2027
 -185.3043 -184.7729 -184.1824 -183.5263 -182.7973 -183.5263 -182.7973 -182.7973


val(:,:,2) =

  -96.6005  -96.2131  -95.7826  -96.2131  -95.7826  -96.2131  -96.6005  -96.9492
    3.7869    4.2174    4.6957    4.2174    4.6957    4.2174    3.7869    3.3995
    4.2174    4.6957    5.2271    4.6957    5.2271    4.6957    4.2174    3.7869
    4.6957    5.2271    5.8176    5.2271    5.8176   -1.9873   -2.7973   -1.9873
    5.2271    5.8176    6.4737    7.2027    8.0127    8.9127    8.0127    8.9127
    5.8176    6.4737    7.2027    8.0127    8.9127    9.9127    9.9127    9.9127
    5.2271    5.8176    6.4737    7.2027    8.0127    8.9127    8.0127    8.9127
  -95.3043  -94.7729  -94.1824  -93.5263  -92.7973  -91.9873  -92.7973  -91.9873


val(:,:,3) =

  -96.6005    3.7869    4.2174    4.6957    4.2174    3.7869    3.3995  -96.9492
  -96.2131    4.2174    4.6957    5.2271    4.6957    4.2174    3.7869  -96.6005
  -95.7826    4.6957    5.2271    5.8176    4.2174    3.7869    3.3995  -96.9492
  -95.3043    5.2271    5.8176    6.4737    7.2027    8.0127    8.9127  -91.9873
  -94.7729    5.8176    6.4737    7.2027    8.0127    8.9127    9.9127  -91.0873
  -95.3043    5.2271    5.8176    6.4737    7.2027    8.0127    9.9127  -91.9873
  -94.7729    5.8176    6.4737    7.2027    8.0127    8.9127    9.9127  -91.0873
  -95.3043    5.2271    5.8176    6.4737    7.2027    8.0127    8.9127  -91.9873


val(:,:,4) =

 -186.6005    3.7869    4.2174    4.6957    4.2174    3.7869    3.3995 -186.9492
 -186.2131    4.2174    4.6957    5.2271    3.7869    3.3995    3.0508 -187.2630
 -185.7826    4.6957    5.2271    5.8176    4.2174    3.7869    3.3995 -182.7973
 -185.3043    5.2271    5.8176    6.4737    7.2027    8.0127    8.9127 -181.9873
 -185.7826    4.6957    5.2271    5.8176    6.4737    7.2027    9.9127 -182.7973
 -185.3043    5.2271    5.8176    6.4737    7.2027    8.0127    9.9127 -181.9873
 -185.7826    4.6957    5.2271    5.8176    6.4737    7.2027    9.9127 -182.7973
 -185.3043    5.2271    5.8176    6.4737    7.2027    8.0127    8.9127 -181.9873


val(:,:,5) =

  -96.6005    3.7869    4.2174    4.6957    4.2174    3.7869    3.3995  -96.9492
  -96.2131    4.2174    4.6957    5.2271    4.6957    4.2174    3.7869  -96.6005
  -95.7826    4.6957    5.2271    5.8176    4.2174    3.7869    3.3995  -96.9492
  -95.3043    5.2271    5.8176    6.4737    7.2027    8.0127    8.9127  -91.9873
  -94.7729    5.8176    6.4737    7.2027    8.0127    8.9127    9.9127  -91.0873
  -95.3043    5.2271    5.8176    6.4737    7.2027    8.0127    9.9127  -91.9873
  -94.7729    5.8176    6.4737    7.2027    8.0127    8.9127    9.9127  -91.0873
  -95.3043    5.2271    5.8176    6.4737    7.2027    8.0127    8.9127  -91.9873


val(:,:,6) =

  -96.6005  -96.2131  -95.7826  -96.2131  -95.7826  -96.2131  -96.6005  -96.9492
    3.7869    4.2174    4.6957    4.2174    4.6957    4.2174    3.7869    3.3995
    4.2174    4.6957    5.2271    4.6957    5.2271    4.6957    4.2174    3.7869
    4.6957    5.2271    5.8176    5.2271    5.8176   -1.9873   -2.7973   -1.9873
    5.2271    5.8176    6.4737    7.2027    8.0127    8.9127    8.0127    8.9127
    5.8176    6.4737    7.2027    8.0127    8.9127    9.9127    9.9127    9.9127
    5.2271    5.8176    6.4737    7.2027    8.0127    8.9127    8.0127    8.9127
  -95.3043  -94.7729  -94.1824  -93.5263  -92.7973  -91.9873  -92.7973  -91.9873


val(:,:,7) =

 -186.6005 -186.2131 -186.6005 -186.2131 -186.6005 -186.2131 -186.6005 -186.9492
    3.7869    4.2174    3.7869    4.2174    3.7869    4.2174    3.7869    3.3995
    4.2174    4.6957    4.2174    4.6957    4.2174    4.6957    4.2174    3.7869
    4.6957    5.2271    4.6957    5.2271    4.6957   -4.7729  -11.7973  -12.5263
    5.2271    5.8176    6.4737    7.2027    8.0127    7.2027    8.0127    7.2027
    5.8176    6.4737    7.2027    8.0127    8.9127    9.9127    9.9127    9.9127
    5.2271    5.8176    6.4737    7.2027    8.0127    7.2027    8.0127    7.2027
 -185.3043 -184.7729 -184.1824 -183.5263 -182.7973 -183.5263 -182.7973 -182.7973


val(:,:,8) =

  -96.6005  -96.2131  -95.7826  -96.2131  -95.7826  -96.2131  -96.6005  -96.9492
    3.7869    4.2174    4.6957    4.2174    4.6957    4.2174    3.7869    3.3995
    4.2174    4.6957    5.2271    4.6957    5.2271    4.6957    4.2174    3.7869
    4.6957    5.2271    5.8176    5.2271    5.8176   -1.9873   -2.7973   -1.9873
    5.2271    5.8176    6.4737    7.2027    8.0127    8.9127    8.0127    8.9127
    5.8176    6.4737    7.2027    8.0127    8.9127    9.9127    9.9127    9.9127
    5.2271    5.8176    6.4737    7.2027    8.0127    8.9127    8.0127    8.9127
  -95.3043  -94.7729  -94.1824  -93.5263  -92.7973  -91.9873  -92.7973  -91.9873


val(:,:,9) =

  -96.6005    3.7869    4.2174    4.6957    4.2174    3.7869    3.3995  -96.9492
  -96.2131    4.2174    4.6957    5.2271    4.6957    4.2174    3.7869  -96.6005
  -95.7826    4.6957    5.2271    5.8176    4.2174    3.7869    3.3995  -96.9492
  -95.3043    5.2271    5.8176    6.4737    7.2027    8.0127    8.9127  -91.9873
  -94.7729    5.8176    6.4737    7.2027    8.0127    8.9127    9.9127  -91.0873
  -95.3043    5.2271    5.8176    6.4737    7.2027    8.0127    9.9127  -91.9873
  -94.7729    5.8176    6.4737    7.2027    8.0127    8.9127    9.9127  -91.0873
  -95.3043    5.2271    5.8176    6.4737    7.2027    8.0127    8.9127  -91.9873


val(:,:,10) =

 -186.6005    3.7869    4.2174    4.6957    4.2174    3.7869    3.3995 -186.9492
 -186.2131    4.2174    4.6957    5.2271    3.7869    3.3995    3.0508 -187.2630
 -185.7826    4.6957    5.2271    5.8176    4.2174    3.7869    3.3995 -182.7973
 -185.3043    5.2271    5.8176    6.4737    7.2027    8.0127    8.9127 -181.9873
 -185.7826    4.6957    5.2271    5.8176    6.4737    7.2027    9.9127 -182.7973
 -185.3043    5.2271    5.8176    6.4737    7.2027    8.0127    9.9127 -181.9873
 -185.7826    4.6957    5.2271    5.8176    6.4737    7.2027    9.9127 -182.7973
 -185.3043    5.2271    5.8176    6.4737    7.2027    8.0127    8.9127 -181.9873


val(:,:,11) =

  -96.6005    3.7869    4.2174    4.6957    4.2174    3.7869    3.3995  -96.9492
  -96.2131    4.2174    4.6957    5.2271    4.6957    4.2174    3.7869  -96.6005
  -95.7826    4.6957    5.2271    5.8176    4.2174    3.7869    3.3995  -96.9492
  -95.3043    5.2271    5.8176    6.4737    7.2027    8.0127    8.9127  -91.9873
  -94.7729    5.8176    6.4737    7.2027    8.0127    8.9127    9.9127  -91.0873
  -95.3043    5.2271    5.8176    6.4737    7.2027    8.0127    9.9127  -91.9873
  -94.7729    5.8176    6.4737    7.2027    8.0127    8.9127    9.9127  -91.0873
  -95.3043    5.2271    5.8176    6.4737    7.2027    8.0127    8.9127  -91.9873


val(:,:,12) =

  -96.6005  -96.2131  -95.7826  -96.2131  -95.7826  -96.2131  -96.6005  -96.9492
    3.7869    4.2174    4.6957    4.2174    4.6957    4.2174    3.7869    3.3995
    4.2174    4.6957    5.2271    4.6957    5.2271    4.6957    4.2174    3.7869
    4.6957    5.2271    5.8176    5.2271    5.8176   -1.9873   -2.7973   -1.9873
    5.2271    5.8176    6.4737    7.2027    8.0127    8.9127    8.0127    8.9127
    5.8176    6.4737    7.2027    8.0127    8.9127    9.9127    9.9127    9.9127
    5.2271    5.8176    6.4737    7.2027    8.0127    8.9127    8.0127    8.9127
  -95.3043  -94.7729  -94.1824  -93.5263  -92.7973  -91.9873  -92.7973  -91.9873

