Policy Iteration 
Pe =25, s_goal = [6,7,6]

val(:,:,1) =

 -205.1842 -205.4140 -205.1814 -205.4097 -205.5686 -205.3773 -205.5646 -205.3728
    0.5900    0.6289    0.6345    0.6313    0.6395    0.5510    0.4656    0.3685
    0.6831    0.7471    0.7628    0.7494    0.7676    0.6309    0.5214    0.4103
    0.7540    0.8191    0.8503    0.8217    0.8547   -9.0460  -15.0832  -17.8820
    0.8135    0.9162    1.0010    1.0505    1.0735    1.0612    1.0761    1.0659
    0.8540    0.9711    1.0840    1.1775    1.2044    1.1795    1.2077    1.1606
    0.7928    0.9103    0.9982    1.0530    1.0744    1.0640    1.0778    1.0682
 -204.9055 -205.0527 -204.9030 -205.0493 -204.8003 -204.5888 -204.7973 -204.5849


val(:,:,2) =

 -186.4041 -115.1667 -115.8100 -118.1053 -124.8261 -140.5869 -149.8718 -212.5741
  -31.7517    0.6739    0.6960    0.6042    0.5226    0.4343    0.2867  -71.7155
  -31.6967    0.7774    0.8302    0.7909    0.7100    0.5995    0.4666  -40.8307
  -31.9776    0.8515    0.8465    0.8596    0.7388   -6.7443   -9.7968  -50.5081
  -33.4539    0.9100    1.0243    1.1204    1.1589    1.0484    0.8056  -35.6086
  -40.2567    0.9450    1.0814    1.2151    1.3253    1.3233    1.3085  -32.1743
  -70.6591    0.6359    0.8539    0.9515    1.0239    1.1455    1.2091  -31.5722
 -211.5056 -149.3644 -140.1493 -124.2792 -117.5197 -115.1714 -114.4709 -186.3806


val(:,:,3) =

 -186.4218  -31.7256  -31.6863  -32.0344  -33.8033  -40.6843  -71.0281 -212.2326
 -115.1682    0.6600    0.7793    0.7899    0.5638    0.4766    0.2440 -149.9972
 -115.7470    0.7488    0.9073    0.9236    0.5598    0.4754    0.3258 -140.9040
 -117.8767    0.8439    0.9883    0.8871    0.6303   -1.8858   -2.7296 -130.9709
 -124.4602    0.8921    1.0366    1.1679    1.2943    1.3558    0.9028 -126.9550
 -140.2156    0.9253    1.0776    1.2257    1.3804    1.5411    1.3335 -119.3170
 -149.4856    0.6539    0.9339    1.0892    1.2362    1.4352    1.2516 -116.0823
 -211.5346  -70.6704  -40.0950  -33.1025  -31.4097  -30.8342  -31.0826 -186.4054


val(:,:,4) =

 -205.1848    0.5982    0.6965    0.7492    0.4951    0.4170    0.3054 -208.3990
 -205.3876    0.6782    0.8061    0.8704    0.5176    0.4384    0.3165 -211.0171
 -205.1820    0.7534    0.9217    0.9973    0.4968    0.4196    0.3078 -208.3968
 -205.3839    0.8221    1.0659    1.2150    1.3636    1.5920    1.3552 -209.6021
 -205.1006    0.9708    1.1492    1.3172    1.5043    1.7953    1.4101 -207.2808
 -204.8630    0.9585    1.1061    1.2454    1.3935    1.5946    1.3581 -205.9820
 -205.0970    0.9743    1.1528    1.3206    1.5077    1.7994    1.4134 -207.2778
 -204.8584    0.9629    1.1104    1.2497    1.3973    1.5966    1.1533 -205.9783


val(:,:,5) =

 -211.7273  -70.8662  -40.4091  -33.5255  -32.1835  -31.9368  -31.9892 -187.7676
 -149.6479    0.4523    0.7187    0.8169    0.5290    0.4486    0.3174 -118.9969
 -140.3925    0.6428    0.8444    0.9598    0.5438    0.4550    0.2498 -124.6683
 -124.5945    0.7294    0.9908    1.1322    1.2692   -1.0135   -1.8920 -123.4700
 -117.8731    0.8338    1.2203    1.3978    1.5971    1.8785    1.5653 -123.4834
 -115.5064    1.0218    1.2375    1.4161    1.6182    1.9531    1.4113 -139.3839
 -114.7885    1.1042    1.2762    1.4429    1.5997    1.8812    0.9737 -148.4981
 -186.0865  -31.4754  -31.3779  -31.5816  -32.9780  -39.7054  -70.3879 -211.2676


val(:,:,6) =

 -211.7274 -149.6377 -140.3777 -124.5742 -117.9992 -115.9337 -115.3854 -187.8361
  -70.8669    0.4393    0.6201    0.6869    0.6325    0.5293    0.4168  -32.7528
  -40.4282    0.7096    0.7977    0.8321    0.5563    0.4546    0.3109  -35.6632
  -33.5323    0.8215    0.9276    0.9504    1.0613   -6.2864   -9.0537  -48.8941
  -31.7991    1.0136    1.1590    1.2990    1.3749    1.5350    1.4950  -32.8632
  -31.2218    1.3279    1.5424    1.7916    2.0710    2.4966    2.1013  -38.7522
  -31.3634    1.0968    1.2300    1.3479    1.5031    1.5340    0.9750  -70.6884
 -186.1575 -114.8636 -115.3793 -117.4426 -123.9880 -139.8120 -149.0657 -211.5594


val(:,:,7) =

 -205.1689 -205.4053 -205.1663 -205.4010 -205.5699 -205.3778 -205.5660 -205.3734
    0.6085    0.6337    0.6308    0.6360    0.6360    0.5467    0.4624    0.3660
    0.7088    0.7524    0.7556    0.7548    0.7602    0.6281    0.5199    0.4087
    0.7744    0.8327    0.8656    0.8351    0.8704   -9.0410  -15.0911  -17.8954
    0.9742    1.1150    1.2255    1.3505    1.4140    1.3529    1.4178    1.3440
    1.2309    1.4459    1.6839    1.9645    2.3014    2.6233    2.6241    2.6263
    0.9897    1.1149    1.2323    1.3520    1.4157    1.3549    1.4196    1.3458
 -204.9183 -205.0899 -204.9158 -205.0868 -204.8675 -204.6477 -204.8643 -204.6436


val(:,:,8) =

 -186.3818 -115.1507 -115.8040 -118.1030 -124.8254 -140.5874 -149.8715 -212.5824
  -31.7494    0.6940    0.7009    0.6031    0.5210    0.4322    0.2851  -71.7241
  -31.6889    0.8035    0.8414    0.7984    0.7150    0.5998    0.4660  -40.8340
  -31.9279    0.8536    0.8643    0.8824    0.7505   -6.7346   -9.8131  -50.5157
  -33.2636    1.0937    1.2413    1.3421    1.5010    1.5322    0.9734  -35.3916
  -39.9570    1.2632    1.5296    1.7749    2.0705    2.4959    2.1009  -30.8095
  -70.6833    0.7188    1.0926    1.2307    1.3776    1.5368    1.4970  -31.0740
 -211.5478 -149.4331 -140.1540 -124.3115 -117.5666 -115.2220 -114.5446 -186.2465


val(:,:,9) =

 -186.4151  -31.6991  -31.6747  -32.0300  -33.8006  -40.6843  -71.0290 -212.2373
 -115.1513    0.6984    0.7941    0.7930    0.5660    0.4755    0.2432 -150.0005
 -115.6929    0.8045    0.9164    0.9291    0.5637    0.4734    0.3243 -140.9090
 -117.7402    0.9186    1.0264    0.8988    0.6365   -1.9277   -2.7377 -130.9753
 -124.2488    1.0408    1.2604    1.4254    1.5969    1.8788    0.9711 -126.8825
 -140.0719    0.8853    1.2012    1.3788    1.6161    1.9507    1.4108 -118.6344
 -149.2742    0.6524    1.2094    1.3862    1.5996    1.8806    1.5677 -115.2376
 -211.5008  -70.6364  -40.1530  -33.1902  -31.4980  -30.9720  -31.1294 -186.0062


val(:,:,10) =

 -205.1702    0.6294    0.7107    0.7537    0.4992    0.4187    0.3075 -208.4342
 -205.3581    0.7215    0.8220    0.8741    0.5215    0.4378    0.3162 -211.0909
 -205.1673    0.8069    0.9384    1.0046    0.5009    0.4213    0.3096 -208.4320
 -205.3544    0.9105    1.0974    1.2315    1.3923    1.5917    1.1464 -209.9085
 -205.2931    0.8847    1.1301    1.2956    1.5046    1.7961    1.4100 -206.5174
 -205.0497    0.9135    1.1008    1.2349    1.3949    1.5943    1.3553 -205.3183
 -205.2899    0.8881    1.1324    1.2977    1.5070    1.7981    1.4125 -206.5142
 -205.0453    0.7787    1.0449    1.1927    1.3688    1.5966    1.3601 -205.3143


val(:,:,11) =

 -211.7245  -70.8616  -40.3971  -33.5200  -32.1800  -31.9365  -31.9895 -187.7777
 -149.6526    0.4731    0.7324    0.8240    0.5333    0.4507    0.3200 -119.0366
 -140.3883    0.6778    0.8756    0.9590    0.5479    0.4575    0.2518 -124.8037
 -124.5989    0.7594    0.9605    1.1172    1.2856   -0.9821   -1.8701 -123.8704
 -117.9221    0.8328    0.9674    1.0808    1.2316    1.4308    1.2484 -124.3042
 -115.6840    0.8706    1.0642    1.2136    1.3825    1.5396    1.3310 -140.0974
 -115.0165    0.8398    1.0249    1.1566    1.2962    1.3594    0.9052 -149.3039
 -186.2113  -31.4987  -31.3074  -31.5026  -32.8780  -39.6230  -70.4648 -211.3982


val(:,:,12) =

 -211.7186 -149.6235 -140.3687 -124.5657 -117.9940 -115.9311 -115.3848 -187.8526
  -70.8525    0.4472    0.6151    0.6934    0.6381    0.5331    0.4200  -32.7559
  -40.4334    0.7348    0.8050    0.8517    0.5587    0.4563    0.3139  -35.6852
  -33.5398    0.8186    0.9205    0.9300    1.0498   -6.2820   -9.0388  -48.9956
  -31.9314    0.8627    0.9703    1.0627    1.0380    1.1453    1.2065  -33.3465
  -31.5374    0.9237    1.0699    1.2090    1.3278    1.3242    1.3073  -40.0495
  -31.5451    0.8930    1.0175    1.1196    1.1599    1.0519    0.8088  -70.6073
 -186.2067 -114.8420 -115.3378 -117.3954 -123.9550 -139.8289 -148.9858 -211.4267




Value Iteration
Pe = 25%, s_goal = [6,7,6]


val(:,:,1) =

 -205.2397 -205.4691 -205.2397 -205.4691 -205.6272 -205.4362 -205.6272 -205.4362
    0.5340    0.5718    0.5781    0.5718    0.5781    0.4894    0.4025    0.3046
    0.6266    0.6898    0.7059    0.6898    0.7059    0.5681    0.4571    0.3453
    0.6969    0.7610    0.7927    0.7610    0.7927   -9.1088  -15.1464  -17.9456
    0.7553    0.8579    0.9418    0.9916    1.0134    1.0017    1.0134    1.0017
    0.7956    0.9114    1.0250    1.1165    1.1438    1.1165    1.1438    1.0955
    0.7329    0.8499    0.9373    0.9911    1.0120    1.0011    1.0120    1.0011
 -204.9663 -205.1137 -204.9663 -205.1137 -204.8644 -204.6530 -204.8644 -204.6530


val(:,:,2) =

 -186.4597 -115.2225 -115.8668 -118.1616 -124.8844 -140.6461 -149.9329 -212.6353
  -31.8076    0.6171    0.6387    0.5466    0.4645    0.3743    0.2268  -71.7770
  -31.7532    0.7202    0.7730    0.7311    0.6503    0.5373    0.4033  -40.8952
  -32.0348    0.7933    0.7893    0.7995    0.6764   -6.8081   -9.8599  -50.5730
  -33.5123    0.8512    0.9649    1.0611    1.0978    0.9892    0.7441  -35.6736
  -40.3153    0.8854    1.0219    1.1545    1.2668    1.2620    1.2453  -32.2398
  -70.7186    0.5758    0.7915    0.8886    0.9609    1.0809    1.1434  -31.6394
 -211.5658 -149.4251 -140.2132 -124.3444 -117.5855 -115.2377 -114.5376 -186.4485


val(:,:,3) =

 -186.4776  -31.7814  -31.7428  -32.0906  -33.8615  -40.7449  -71.0868 -212.2936
 -115.2243    0.6032    0.7223    0.7317    0.5075    0.4171    0.1851 -150.0596
 -115.8039    0.6914    0.8500    0.8666    0.5010    0.4132    0.2641 -140.9676
 -117.9342    0.7859    0.9303    0.8269    0.5686   -1.9457   -2.7918 -131.0362
 -124.5188    0.8330    0.9773    1.1083    1.2340    1.2965    0.8418 -127.0209
 -140.2745    0.8663    1.0185    1.1662    1.3211    1.4795    1.2708 -119.3836
 -149.5469    0.5940    0.8720    1.0269    1.1733    1.3711    1.1869 -116.1496
 -211.5970  -70.7328  -40.1588  -33.1668  -31.4743  -30.8994  -31.1482 -186.4741


val(:,:,4) =

 -205.2407    0.5420    0.6401    0.6928    0.4372    0.3560    0.2458 -208.4619
 -205.4435    0.6215    0.7489    0.8125    0.4622    0.3788    0.2575 -211.0802
 -205.2407    0.6959    0.8643    0.9398    0.4372    0.3560    0.2458 -208.4619
 -205.4435    0.7640    1.0078    1.1565    1.3048    1.5326    1.2952 -209.6647
 -205.1583    0.9126    1.0909    1.2585    1.4452    1.7361    1.3500 -207.3452
 -204.9210    0.8999    1.0471    1.1862    1.3334    1.5326    1.2952 -206.0471
 -205.1583    0.9126    1.0909    1.2585    1.4452    1.7361    1.3500 -207.3452
 -204.9210    0.8999    1.0471    1.1862    1.3334    1.5322    1.0870 -206.0471


val(:,:,5) =

 -211.7820  -70.9220  -40.4661  -33.5827  -32.2421  -31.9981  -32.0496 -187.8303
 -149.7032    0.3962    0.6612    0.7585    0.4722    0.3859    0.2571 -119.0607
 -140.4502    0.5841    0.7860    0.9015    0.4829    0.3914    0.1899 -124.7319
 -124.6533    0.6702    0.9320    1.0732    1.2093   -1.0741   -1.9529 -123.5327
 -117.9327    0.7740    1.1620    1.3391    1.5379    1.8188    1.5046 -123.5454
 -115.5663    0.9615    1.1772    1.3556    1.5573    1.8914    1.3500 -139.4469
 -114.8492    1.0432    1.2147    1.3813    1.5379    1.8188    0.9105 -148.5623
 -186.1486  -31.5382  -31.4412  -31.6453  -33.0421  -39.7704  -70.4529 -211.3339


val(:,:,6) =

 -211.7833 -149.6940 -140.4357 -124.6331 -118.0588 -115.9949 -115.4480 -187.8987
  -70.9227    0.3832    0.5612    0.6271    0.5727    0.4668    0.3542  -32.8165
  -40.4849    0.6519    0.7397    0.7722    0.4960    0.3927    0.2505  -35.7281
  -33.5897    0.7634    0.8695    0.8900    1.0002   -6.3483   -9.1161  -48.9589
  -31.8570    0.9551    1.1001    1.2399    1.3143    1.4742    1.4334  -32.9265
  -31.2801    1.2692    1.4832    1.7323    2.0113    2.4366    2.0410  -38.8147
  -31.4228    1.0371    1.1697    1.2873    1.4416    1.4724    0.9120  -70.7538
 -186.2192 -114.9258 -115.4418 -117.5056 -124.0518 -139.8762 -149.1324 -211.6273


val(:,:,7) =

 -205.2243 -205.4603 -205.2243 -205.4603 -205.6286 -205.4367 -205.6286 -205.4367
    0.5528    0.5766    0.5745    0.5766    0.5745    0.4850    0.3991    0.3020
    0.6526    0.6952    0.6985    0.6952    0.6985    0.5653    0.4555    0.3442
    0.7179    0.7746    0.8081    0.7746    0.8081   -9.1042  -15.1550  -17.9597
    0.9171    1.0573    1.1674    1.2915    1.3550    1.2915    1.3550    1.2803
    1.1733    1.3881    1.6255    1.9059    2.2422    2.5641    2.5641    2.5641
    0.9306    1.0554    1.1725    1.2915    1.3550    1.2915    1.3550    1.2803
 -204.9800 -205.1518 -204.9800 -205.1518 -204.9310 -204.7113 -204.9310 -204.7113


val(:,:,8) =

 -186.4372 -115.2061 -115.8607 -118.1593 -124.8836 -140.6466 -149.9326 -212.6436
  -31.8051    0.6373    0.6436    0.5453    0.4627    0.3721    0.2250  -71.7857
  -31.7453    0.7469    0.7843    0.7386    0.6552    0.5376    0.4026  -40.8980
  -31.9850    0.7955    0.8069    0.8224    0.6881   -6.7985   -9.8782  -50.5810
  -33.3209    1.0359    1.1830    1.2835    1.4416    1.4724    0.9120  -35.4565
  -40.0149    1.2055    1.4713    1.7164    2.0113    2.4366    2.0410  -30.8728
  -70.7420    0.6598    1.0311    1.1688    1.3152    1.4742    1.4334  -31.1396
 -211.6078 -149.4934 -140.2173 -124.3763 -117.6320 -115.2878 -114.6107 -186.3137


val(:,:,9) =

 -186.4707  -31.7545  -31.7314  -32.0864  -33.8587  -40.7447  -71.0879 -212.2983
 -115.2074    0.6420    0.7374    0.7351    0.5096    0.4162    0.1841 -150.0626
 -115.7494    0.7478    0.8588    0.8718    0.5049    0.4120    0.2624 -140.9726
 -117.7971    0.8610    0.9689    0.8384    0.5747   -1.9917   -2.8014 -131.0406
 -124.3063    0.9832    1.2017    1.3662    1.5379    1.8188    0.9105 -126.9486
 -140.1301    0.8275    1.1431    1.3205    1.5573    1.8914    1.3500 -118.7000
 -149.3347    0.5936    1.1486    1.3251    1.5379    1.8188    1.5046 -115.3035
 -211.5629  -70.6982  -40.2165  -33.2542  -31.5624  -31.0368  -31.1946 -186.0737


val(:,:,10) =

 -205.2258    0.5738    0.6540    0.6971    0.4413    0.3579    0.2471 -208.4969
 -205.4138    0.6652    0.7653    0.8166    0.4660    0.3787    0.2569 -211.1539
 -205.2258    0.7504    0.8807    0.9468    0.4413    0.3579    0.2471 -208.4969
 -205.4138    0.8535    1.0398    1.1736    1.3334    1.5322    1.0871 -209.9718
 -205.3519    0.8275    1.0712    1.2363    1.4452    1.7361    1.3500 -206.5803
 -205.1086    0.8535    1.0398    1.1736    1.3334    1.5326    1.2952 -205.3817
 -205.3519    0.8275    1.0712    1.2363    1.4452    1.7361    1.3500 -206.5803
 -205.1086    0.7158    0.9817    1.1293    1.3050    1.5326    1.2952 -205.3817


val(:,:,11) =

 -211.7805  -70.9179  -40.4544  -33.5775  -32.2388  -31.9975  -32.0499 -187.8402
 -149.7090    0.4168    0.6752    0.7659    0.4766    0.3881    0.2588 -119.1002
 -140.4464    0.6195    0.8171    0.9004    0.4872    0.3941    0.1908 -124.8672
 -124.6579    0.7007    0.9020    1.0585    1.2264   -1.0418   -1.9302 -123.9337
 -117.9821    0.7739    0.9075    1.0213    1.1720    1.3708    1.1868 -124.3682
 -115.7446    0.8113    1.0037    1.1528    1.3211    1.4795    1.2708 -140.1622
 -115.0780    0.7789    0.9632    1.0947    1.2340    1.2964    0.8415 -149.3710
 -186.2737  -31.5604  -31.3699  -31.5655  -32.9414  -39.6872  -70.5312 -211.4664


val(:,:,12) =

 -211.7749 -149.6796 -140.4269 -124.6249 -118.0538 -115.9922 -115.4473 -187.9152
  -70.9087    0.3897    0.5562    0.6338    0.5785    0.4709    0.3572  -32.8195
  -40.4902    0.6774    0.7473    0.7918    0.4985    0.3945    0.2515  -35.7499
  -33.5975    0.7605    0.8620    0.8698    0.9891   -6.3432   -9.1004  -49.0598
  -31.9901    0.8039    0.9111    1.0032    0.9771    1.0840    1.1440  -33.4105
  -31.5965    0.8638    1.0103    1.1495    1.2668    1.2620    1.2453  -40.1147
  -31.6054    0.8326    0.9565    1.0582    1.0976    0.9885    0.7434  -70.6731
 -186.2678 -114.9034 -115.3996 -117.4577 -124.0182 -139.8933 -149.0520 -211.4948



