Policy iteration
Pe = 25


val(:,:,1) =

 -203.8241 -204.0248 -203.8032 -203.9880 -204.6233 -204.5907 -204.5908 -204.5547
    2.2129    2.3158    2.3173    2.3348    2.3617    2.0201    1.7045    1.3412
    2.6035    2.7688    2.8070    2.7893    2.8465    2.3336    1.9227    1.5060
    2.8616    3.0371    3.1490    3.0590    3.1910   -6.4582  -12.1478  -13.9484
    3.6287    4.1708    4.6649    5.2408    5.6530    6.3053    5.6670    6.3434
    4.4583    5.2406    6.1154    7.1370    8.3712    9.7863    9.7814    9.8144
    3.6780    4.1819    4.6977    5.2538    5.6698    6.3156    5.6840    6.3590
 -202.7286 -202.6354 -202.7070 -202.6076 -201.5501 -200.5878 -201.5232 -200.5518


val(:,:,2) =

 -185.0177 -113.5767 -114.2515 -116.9023 -123.9680 -139.8889 -149.1278 -211.8433
  -30.3514    2.5439    2.5708    2.2110    1.8997    1.5726    1.0204  -70.9907
  -29.8948    2.9742    3.0991    2.9509    2.6341    2.2152    1.7151  -39.8528
  -29.8673    3.2175    3.1686    3.2636    2.7520   -4.6905   -7.5971  -47.9780
  -30.6291    4.0728    4.6765    5.1400    5.8313    6.0409    4.6902  -31.7091
  -37.0698    4.5983    5.5636    6.4714    7.5471    8.8575    9.7856  -24.7782
  -68.8638    2.7181    4.0544    4.6166    5.2256    5.8604    6.8417  -26.9551
 -209.7132 -147.1988 -138.1364 -121.8699 -114.6946 -111.8995 -110.0415 -181.7222


val(:,:,3) =

 -185.1378  -30.1696  -29.8627  -30.2475  -32.6789  -39.7652  -70.3964 -211.5533
 -113.5719    2.5671    2.9180    2.9249    2.0547    1.7305    0.8589 -149.1733
 -113.8363    2.9729    3.3918    3.4396    2.0526    1.7375    1.1775 -140.0772
 -115.5303    3.3949    3.8043    3.3338    2.3355    1.5732   -1.4462 -129.6844
 -121.7904    3.8860    4.6541    5.3071    6.1175    6.7993    5.8871 -124.4940
 -137.8829    3.5000    4.3867    5.0692    5.8529    6.9358    9.7889 -114.8294
 -146.8775    2.5485    4.4316    5.1097    5.8952    6.8222    8.8947 -110.7079
 -209.6501  -68.8174  -37.5169  -30.0434  -27.8858  -26.8273  -25.2908 -182.3818


val(:,:,4) =

 -203.8231    2.2964    2.5984    2.7638    1.8029    1.5144    1.0929 -207.1412
 -203.8402    2.6576    3.0256    3.2323    1.8771    1.5856    1.1310 -209.3604
 -203.8005    2.9962    3.4745    3.7279    1.8174    1.5364    1.1123 -207.1226
 -203.8078    3.4460    4.0623    4.6066    5.2724    5.9304    7.7004 -205.5264
 -202.8930    3.5822    4.1859    4.8295    5.5047    6.4358    9.7865 -202.6166
 -202.6779    3.5407    4.0884    4.6452    5.3035    5.9578    9.7915 -201.5035
 -202.8625    3.6125    4.2273    4.8597    5.5364    6.4684    9.8140 -202.5866
 -202.6371    3.5774    4.1281    4.6797    5.3280    5.9820    7.7501 -201.4654


val(:,:,5) =

 -210.6473  -69.7793  -38.6992  -31.6190  -30.8073  -30.8288  -31.2401 -186.7553
 -148.3014    1.7009    2.6903    3.0440    1.9289    1.6442    1.1422 -117.5239
 -139.1430    2.4915    3.2289    3.5567    2.0027    1.6727    0.8857 -122.3367
 -123.0910    2.8234    3.6239    4.1662    4.7688    2.9774    3.8808 -119.9152
 -116.0091    3.3134    4.4630    5.1389    5.8756    6.8081    8.8696 -118.7760
 -113.1326    3.8338    4.5384    5.2084    5.8723    6.9587    9.7934 -134.8601
 -112.2170    4.0956    4.7322    5.3824    6.1447    6.8277    5.9071 -143.6071
 -183.8358  -29.2124  -28.4591  -28.2235  -29.1204  -35.2459  -65.2595 -207.4233


val(:,:,6) =

 -210.6313 -148.2189 -139.0750 -122.9870 -116.4783 -114.7141 -114.4291 -186.9137
  -69.7572    1.6015    2.2760    2.5572    2.3424    1.9546    1.5283  -31.6921
  -38.8014    2.6950    2.9664    3.1507    2.0441    1.6630    1.1160  -34.1406
  -31.6618    3.0490    3.4134    3.4811    3.8898   -3.0382   -4.6471  -46.1521
  -29.3442    3.8183    4.2952    4.8321    5.2092    5.8478    6.8255  -28.7438
  -28.2234    4.8474    5.6226    6.5366    7.5583    8.8732    9.7949  -32.6351
  -28.8685    4.0957    4.6553    5.1742    5.8541    6.0649    4.7046  -66.6216
 -184.0816 -112.3125 -112.4336 -114.0578 -120.1152 -135.4717 -144.5980 -207.2311


val(:,:,7) =

 -203.8224 -204.0234 -203.8016 -203.9868 -204.6239 -204.5915 -204.5909 -204.5551
    2.2140    2.3161    2.3171    2.3347    2.3610    2.0193    1.7039    1.3403
    2.6047    2.7689    2.8061    2.7899    2.8458    2.3334    1.9226    1.5022
    2.8637    3.0387    3.1515    3.0605    3.1925   -6.4583  -12.1504  -13.9518
    3.6318    4.1739    4.6687    5.2432    5.6572    6.3053    5.6711    6.3432
    4.4620    5.2448    6.1195    7.1417    8.3759    9.7898    9.7959    9.8169
    3.6817    4.1859    4.7016    5.2585    5.6736    6.3210    5.6877    6.3633
 -202.7278 -202.6350 -202.7063 -202.6073 -201.5506 -200.5868 -201.5235 -200.5511


val(:,:,8) =

 -185.0157 -113.5753 -114.2504 -116.9022 -123.9677 -139.8883 -149.1262 -211.8429
  -30.3535    2.5451    2.5704    2.2104    1.8989    1.5714    1.0207  -70.9902
  -29.8945    2.9746    3.1004    2.9516    2.6349    2.2153    1.7154  -39.8565
  -29.8645    3.2190    3.1717    3.2659    2.7533   -4.6897   -7.5939  -47.9810
  -30.6261    4.0759    4.6793    5.1443    5.8328    6.0459    4.6940  -31.7080
  -37.0671    4.6019    5.5676    6.4762    7.5500    8.8674    9.7966  -24.7723
  -68.8644    2.7196    4.0579    4.6203    5.2292    5.8655    6.8472  -26.9558
 -209.7138 -147.2004 -138.1368 -121.8712 -114.6962 -111.9006 -110.0412 -181.7199


val(:,:,9) =

 -185.1391  -30.1666  -29.8612  -30.2481  -32.6785  -39.7651  -70.3961 -211.5536
 -113.5713    2.5686    2.9188    2.9254    2.0545    1.7302    0.8599 -149.1757
 -113.8348    2.9748    3.3925    3.4407    2.0532    1.7367    1.1778 -140.0775
 -115.5274    3.3977    3.8073    3.3349    2.3363    1.5777   -1.4410 -129.6867
 -121.7878    3.8883    4.6577    5.3115    6.1201    6.8076    5.8908 -124.4950
 -137.8816    3.4986    4.3907    5.0736    5.8572    6.9427    9.7970 -114.8259
 -146.8752    2.5478    4.4351    5.1137    5.8985    6.8290    8.8995 -110.7036
 -209.6496  -68.8167  -37.5182  -30.0458  -27.8877  -26.8279  -25.2876 -182.3812


val(:,:,10) =

 -203.8235    2.2978    2.5998    2.7627    1.8038    1.5148    1.0996 -207.1414
 -203.8394    2.6592    3.0266    3.2331    1.8775    1.5854    1.1327 -209.3611
 -203.8005    2.9983    3.4756    3.7287    1.8181    1.5367    1.1171 -207.1228
 -203.8070    3.4473    4.0643    4.6091    5.2748    5.9354    7.7037 -205.5288
 -202.8958    3.5793    4.1839    4.8263    5.5081    6.4432    9.7904 -202.6122
 -202.6810    3.5373    4.0902    4.6417    5.3058    5.9626    9.7972 -201.5003
 -202.8651    3.6099    4.2256    4.8567    5.5352    6.4691    9.8175 -202.5830
 -202.6398    3.5745    4.1253    4.6766    5.3249    5.9834    7.7543 -201.4629


val(:,:,11) =

 -210.6358  -69.7732  -38.6970  -31.6195  -30.8073  -30.8289  -31.2391 -186.7552
 -148.2945    1.7074    2.6923    3.0452    1.9298    1.6446    1.1505 -117.5242
 -139.1389    2.4931    3.2310    3.5570    2.0033    1.6731    0.8947 -122.3378
 -123.0906    2.8241    3.6216    4.1652    4.7709    2.9835    3.8850 -119.9181
 -116.0106    3.3138    4.4595    5.1355    5.8721    6.8066    8.8743 -118.7806
 -113.1352    3.8316    4.5357    5.2055    5.8709    6.9595    9.7965 -134.8600
 -112.2201    4.0924    4.7289    5.3790    6.1410    6.8255    5.9149 -143.6016
 -183.8380  -29.2137  -28.4591  -28.2237  -29.1194  -35.2424  -65.2555 -207.4107


val(:,:,12) =

 -210.6264 -148.2162 -139.0714 -122.9856 -116.4781 -114.7141 -114.4288 -186.9134
  -69.7513    1.6155    2.2753    2.5582    2.3434    1.9554    1.5314  -31.6919
  -38.8006    2.6962    2.9672    3.1524    2.0443    1.6631    1.1329  -34.1408
  -31.6636    3.0481    3.4124    3.4790    3.8897   -3.0354   -4.6428  -46.1529
  -29.3470    3.8155    4.2934    4.8301    5.2059    5.8451    6.8257  -28.7486
  -28.2268    4.8435    5.6190    6.5328    7.5534    8.8701    9.7986  -32.6419
  -28.8716    4.0919    4.6513    5.1703    5.8492    6.0606    4.7211  -66.6136
 -184.0831 -112.3131 -112.4339 -114.0573 -120.1131 -135.4674 -144.5945 -207.2279





Value Iteration
Pe = 25
val(:,:,1) =

 -203.6830 -203.8811 -203.6830 -203.8811 -204.5210 -204.5030 -204.5210 -204.5030
    2.3554    2.4461    2.4547    2.4461    2.4547    2.1079    1.7730    1.3931
    2.7428    2.9000    2.9395    2.9000    2.9395    2.4135    1.9869    1.5518
    2.9999    3.1636    3.2806    3.1636    3.2806   -6.3747  -12.0669  -13.8687
    3.7632    4.3067    4.7937    5.3708    5.7729    6.4301    5.7729    6.4301
    4.5923    5.3744    6.2447    7.2678    8.4977    9.9127    9.9127    9.9127
    3.7979    4.3022    4.8109    5.3706    5.7729    6.4301    5.7729    6.4301
 -202.6330 -202.5401 -202.6330 -202.5401 -201.4746 -200.5081 -201.4746 -200.5081


val(:,:,2) =

 -184.8747 -113.4341 -114.1230 -116.7800 -123.8723 -139.8141 -149.0625 -211.7840
  -30.2126    2.6789    2.7003    2.3355    2.0150    1.6654    1.0880  -70.9384
  -29.7577    3.1096    3.2315    3.0607    2.7408    2.2984    1.7767  -39.8090
  -29.7317    3.3415    3.3025    3.3760    2.8384   -4.6173   -7.5258  -47.9183
  -30.4949    4.2066    4.8037    5.2716    5.9501    6.1705    4.8018  -31.6340
  -36.9406    4.7303    5.6944    6.6018    7.6726    8.9905    9.9127  -24.6853
  -68.7495    2.8321    4.1556    4.7126    5.3234    5.9507    6.9268  -26.8847
 -209.6082 -147.0976 -138.0613 -121.8071 -114.6373 -111.8457 -109.9856 -181.6717


val(:,:,3) =

 -184.9997  -30.0254  -29.7261  -30.1119  -32.5695  -39.6858  -70.3240 -211.4952
 -113.4316    2.7035    3.0550    3.0485    2.1858    1.8328    0.9242 -149.1170
 -113.6989    3.1098    3.5250    3.5728    2.1637    1.8145    1.2321 -140.0350
 -115.3930    3.5253    3.9399    3.4431    2.4233    1.6866   -1.3903 -129.6455
 -121.6592    4.0131    4.7786    5.4303    6.2358    6.9250    6.0037 -124.4432
 -137.7609    3.6204    4.5177    5.1971    5.9782    7.0629    9.9127 -114.7634
 -146.7737    2.6594    4.5382    5.2139    5.9974    6.9250    8.9905 -110.6400
 -209.5625  -68.7284  -37.4419  -29.9714  -27.8189  -26.7599  -25.2182 -182.3326


val(:,:,4) =

 -203.6826    2.4396    2.7365    2.9021    1.9200    1.6032    1.1679 -207.0697
 -203.6973    2.7956    3.1623    3.3605    2.0137    1.6858    1.2085 -209.2833
 -203.6826    3.1345    3.6076    3.8607    1.9200    1.6032    1.1679 -207.0697
 -203.6973    3.5778    4.1946    4.7352    5.4013    6.0574    7.8259 -205.4274
 -202.7676    3.7074    4.3206    4.9521    5.6231    6.5553    9.9127 -202.5245
 -202.5545    3.6613    4.2073    4.7611    5.4013    6.0574    9.9127 -201.4138
 -202.7676    3.7074    4.3206    4.9521    5.6231    6.5553    9.9127 -202.5245
 -202.5545    3.6613    4.2073    4.7611    5.4012    6.0574    7.8259 -201.4138


val(:,:,5) =

 -210.5018  -69.6421  -38.5678  -31.4883  -30.6956  -30.7442  -31.1741 -186.6886
 -148.1591    1.8384    2.8215    3.1673    2.0548    1.7203    1.2121 -117.4546
 -139.0206    2.6120    3.3530    3.6803    2.0986    1.7423    0.9472 -122.2564
 -122.9773    2.9438    3.7434    4.2838    4.8886    3.0992    4.0002 -119.8192
 -115.8998    3.4271    4.5892    5.2610    5.9971    6.9250    8.9905 -118.6755
 -113.0256    3.9423    4.6467    5.3156    5.9780    7.0629    9.9127 -134.7672
 -112.1166    4.1973    4.8286    5.4813    6.2355    6.9250    6.0037 -143.5277
 -183.7476  -29.1265  -28.3752  -28.1415  -29.0414  -35.1665  -65.1816 -207.3619


val(:,:,6) =

 -210.4942 -148.0800 -138.9541 -122.8728 -116.3717 -114.6260 -114.3624 -186.8572
  -69.6192    1.7370    2.3906    2.6675    2.4488    2.0376    1.5957  -31.6345
  -38.6684    2.8250    3.0927    3.2614    2.1455    1.7436    1.1849  -34.0826
  -31.5337    3.1770    3.5375    3.5860    3.9910   -2.9359   -4.5443  -46.0788
  -29.2193    3.9441    4.4168    4.9525    5.3204    5.9507    6.9268  -28.6521
  -28.1003    4.9701    5.7410    6.6559    7.6719    8.9905    9.9127  -32.5402
  -28.7581    4.2095    4.7601    5.2844    5.9499    6.1705    4.8018  -66.5447
 -183.9880 -112.2207 -112.3435 -113.9699 -120.0303 -135.3858 -144.5346 -207.1788


val(:,:,7) =

 -203.6830 -203.8811 -203.6830 -203.8811 -204.5210 -204.5030 -204.5210 -204.5030
    2.3554    2.4461    2.4547    2.4461    2.4547    2.1079    1.7730    1.3931
    2.7428    2.9000    2.9395    2.9000    2.9395    2.4135    1.9869    1.5518
    2.9999    3.1636    3.2806    3.1636    3.2806   -6.3747  -12.0669  -13.8687
    3.7632    4.3067    4.7937    5.3708    5.7729    6.4301    5.7729    6.4301
    4.5923    5.3744    6.2447    7.2678    8.4977    9.9127    9.9127    9.9127
    3.7979    4.3022    4.8109    5.3706    5.7729    6.4301    5.7729    6.4301
 -202.6330 -202.5401 -202.6330 -202.5401 -201.4746 -200.5081 -201.4746 -200.5081


val(:,:,8) =

 -184.8747 -113.4341 -114.1230 -116.7800 -123.8723 -139.8141 -149.0625 -211.7840
  -30.2126    2.6789    2.7003    2.3355    2.0150    1.6654    1.0880  -70.9384
  -29.7577    3.1096    3.2315    3.0607    2.7408    2.2984    1.7767  -39.8090
  -29.7317    3.3415    3.3025    3.3760    2.8384   -4.6173   -7.5258  -47.9183
  -30.4949    4.2066    4.8037    5.2716    5.9501    6.1705    4.8018  -31.6340
  -36.9406    4.7303    5.6944    6.6018    7.6726    8.9905    9.9127  -24.6853
  -68.7495    2.8321    4.1556    4.7126    5.3234    5.9507    6.9268  -26.8847
 -209.6082 -147.0976 -138.0613 -121.8071 -114.6373 -111.8457 -109.9856 -181.6717


val(:,:,9) =

 -184.9997  -30.0254  -29.7261  -30.1119  -32.5695  -39.6858  -70.3240 -211.4952
 -113.4316    2.7035    3.0550    3.0485    2.1858    1.8328    0.9242 -149.1170
 -113.6989    3.1098    3.5250    3.5728    2.1637    1.8145    1.2321 -140.0350
 -115.3930    3.5253    3.9399    3.4431    2.4233    1.6866   -1.3903 -129.6455
 -121.6592    4.0131    4.7786    5.4303    6.2358    6.9250    6.0037 -124.4432
 -137.7609    3.6204    4.5177    5.1971    5.9782    7.0629    9.9127 -114.7634
 -146.7737    2.6594    4.5382    5.2139    5.9974    6.9250    8.9905 -110.6400
 -209.5625  -68.7284  -37.4419  -29.9714  -27.8189  -26.7599  -25.2182 -182.3326


val(:,:,10) =

 -203.6826    2.4396    2.7365    2.9021    1.9200    1.6032    1.1679 -207.0697
 -203.6973    2.7956    3.1623    3.3605    2.0137    1.6858    1.2085 -209.2833
 -203.6826    3.1345    3.6076    3.8607    1.9200    1.6032    1.1679 -207.0697
 -203.6973    3.5778    4.1946    4.7352    5.4013    6.0574    7.8259 -205.4274
 -202.7676    3.7074    4.3206    4.9521    5.6231    6.5553    9.9127 -202.5245
 -202.5545    3.6613    4.2073    4.7611    5.4013    6.0574    9.9127 -201.4138
 -202.7676    3.7074    4.3206    4.9521    5.6231    6.5553    9.9127 -202.5245
 -202.5545    3.6613    4.2073    4.7611    5.4012    6.0574    7.8259 -201.4138


val(:,:,11) =

 -210.5018  -69.6421  -38.5678  -31.4883  -30.6956  -30.7442  -31.1741 -186.6886
 -148.1591    1.8384    2.8215    3.1673    2.0548    1.7203    1.2121 -117.4546
 -139.0206    2.6120    3.3530    3.6803    2.0986    1.7423    0.9472 -122.2564
 -122.9773    2.9438    3.7434    4.2838    4.8886    3.0992    4.0002 -119.8192
 -115.8998    3.4271    4.5892    5.2610    5.9971    6.9250    8.9905 -118.6755
 -113.0256    3.9423    4.6467    5.3156    5.9780    7.0629    9.9127 -134.7672
 -112.1166    4.1973    4.8286    5.4813    6.2355    6.9250    6.0037 -143.5277
 -183.7476  -29.1265  -28.3752  -28.1415  -29.0414  -35.1665  -65.1816 -207.3619


val(:,:,12) =

 -210.4942 -148.0800 -138.9541 -122.8728 -116.3717 -114.6260 -114.3624 -186.8572
  -69.6192    1.7370    2.3906    2.6675    2.4488    2.0376    1.5957  -31.6345
  -38.6684    2.8250    3.0927    3.2614    2.1455    1.7436    1.1849  -34.0826
  -31.5337    3.1770    3.5375    3.5860    3.9910   -2.9359   -4.5443  -46.0788
  -29.2193    3.9441    4.4168    4.9525    5.3204    5.9507    6.9268  -28.6521
  -28.1003    4.9701    5.7410    6.6559    7.6719    8.9905    9.9127  -32.5402
  -28.7581    4.2095    4.7601    5.2844    5.9499    6.1705    4.8018  -66.5447
 -183.9880 -112.2207 -112.3435 -113.9699 -120.0303 -135.3858 -144.5346 -207.1788


